[fondo.jpg]
filters=glow2=1,0.650000,3.000000;sat=1,0.953216;
moddate=0000000000000000
width=1920
height=1080
textactive=0
